[app/ui]
version = 8.2.3
modtime = 1641143003.233625000

[app/launcher]
version = 8.2.3
modtime = 1641143003.242081700
